2013 10
2013 7.4
2013 7.16666666666666
2013 8.66666666666666
2013 6
2013 7
2013 7
2013 8.85714285714285
2013 14
2013 11
2013 15.7142857142857
2013 14
2013 15.8333333333333
2013 12.8333333333333
2013 14.7142857142857
2013 13.8333333333333
2013 16.5
2013 13.8333333333333
2013 12.5
2013 11.2857142857142
2013 11.2
2013 9.5
2013 14
2013 13.8333333333333
2013 12.25
2013 12.6666666666666
2013 12.8571428571428
2013 14.8333333333333
2013 14.125
2013 14.7142857142857
2013 16.2
2013 16
2013 16.2857142857142
2013 18
2013 17.4285714285714
2013 16.625
2013 16.6666666666666
2013 15.6
2013 14
2013 15.4285714285714
2013 15.25
2013 15.875
2013 15.3333333333333
2013 16.2857142857142
2013 17.3333333333333
2013 19.1666666666666
2013 14.4285714285714
2013 13.6666666666666
2013 15.6
2013 15.8571428571428
2013 17.7142857142857
2013 20
2013 20.5
2013 17.4285714285714
2013 16.8571428571428
2013 16.875
2013 17.8571428571428
2013 20.8
2013 19.4285714285714
2013 17.3333333333333
2013 19
2013 19.3333333333333
2013 17.6
2013 20.875
2013 20.8571428571428
2013 23.4285714285714
2013 24.1666666666666
2013 25.4285714285714
2013 23.1428571428571
2013 24
2013 23.5
2013 21.5
2013 22.3333333333333
2013 24.1666666666666
2013 20.3333333333333
2013 22.6666666666666
2013 23.4285714285714
2013 22.5
2013 29.1666666666666
2013 23.8333333333333
2013 25.25
2013 27.375
2013 27
2013 23.5
2013 24.1428571428571
2013 21
2013 22.4285714285714
2013 21.25
2013 23.5
2013 23.2
2013 25.375
2013 25.1666666666666
2013 26.2
2013 24.6
2013 25.6
2013 25.8571428571428
2013 29.1428571428571
2013 28.7142857142857
2013 30.1666666666666
2013 30
2013 30
2013 28.8571428571428
2013 30.2
2013 28.25
2013 28.25
2013 32.125
2013 29.2
2013 30.2857142857142
2013 28.2857142857142
2013 30.625
2013 27.6666666666666
2013 27.375
2013 28.625
2013 30.2857142857142
2013 31.1428571428571
2013 29.875
2013 31.1428571428571
2013 30.5714285714285
2013 32.125
2013 31.1428571428571
2013 31.8571428571428
2013 29.8333333333333
2013 28.5714285714285
2013 32.8571428571428
2013 32.625
2013 32.75
2013 32.875
2013 34.5
2013 34.2857142857142
2013 34
2013 30.75
2013 29.8571428571428
2013 31.7142857142857
2013 32.2857142857142
2013 33
2013 33
2013 32.8333333333333
2013 31.4
2013 35.3333333333333
2013 36.4
2013 36
2013 36.75
2013 37.5
2013 38.4285714285714
2013 38.7142857142857
2013 37.8
2013 35.8571428571428
2013 35.3333333333333
2013 34.1428571428571
2013 32.2
2013 33.625
2013 32
2013 32.4
2013 35.6
2013 35.8571428571428
2013 37.1666666666666
2013 31.2857142857142
2013 34
2013 34.2
2013 36.1666666666666
2013 36.625
2013 30.1666666666666
2013 34.1428571428571
2013 29.8333333333333
2013 30.1428571428571
2013 30.7142857142857
2013 27
2013 26.875
2013 28.4
2013 29.8571428571428
2013 33
2013 34.8333333333333
2013 35.6
2013 35.1666666666666
2013 33.1428571428571
2013 30.5714285714285
2013 30.6666666666666
2013 31.4285714285714
2013 31.5
2013 33.25
2013 32.8333333333333
2013 33.8571428571428
2013 33.1428571428571
2013 31.5714285714285
2013 32.375
2013 32.8
2013 31
2013 31.1666666666666
2013 29.8333333333333
2013 29
2013 29.75
2013 32.5
2013 28.875
2013 31.75
2013 30.75
2013 31.75
2013 29.875
2013 31.125
2013 31.75
2013 30.5
2013 26.8333333333333
2013 28.2
2013 29.5
2013 31.8571428571428
2013 29.7142857142857
2013 28.3333333333333
2013 30
2013 30.1428571428571
2013 32.2857142857142
2013 31
2013 30.5
2013 28.8333333333333
2013 30
2013 31.5714285714285
2013 32.5
2013 32.5
2013 29.5
2013 27.1666666666666
2013 28.375
2013 28.5
2013 27.1666666666666
2013 29.4285714285714
2013 30
2013 29.5
2013 30.75
2013 29.6666666666666
2013 27.7142857142857
2013 26.6
2013 27.4285714285714
2013 28.3333333333333
2013 28.1666666666666
2013 27.375
2013 28.3333333333333
2013 29.1666666666666
2013 31.2857142857142
2013 32
2013 29
2013 32
2013 32.1428571428571
2013 30.1428571428571
2013 31.5
2013 29.1666666666666
2013 29
2013 30
2013 31.8571428571428
2013 32.75
2013 31.7142857142857
2013 31.6666666666666
2013 30.5714285714285
2013 30.8333333333333
2013 28
2013 31
2013 29.6666666666666
2013 30.8571428571428
2013 31.1666666666666
2013 31.1428571428571
2013 30.5
2013 31.625
2013 29.6666666666666
2013 29.25
2013 29.1428571428571
2013 29.8
2013 28.6666666666666
2013 25.2
2013 28.3333333333333
2013 30.2857142857142
2013 30.75
2013 28.5714285714285
2013 28.2
2013 29
2013 30
2013 28.1428571428571
2013 26.8571428571428
2013 28.2857142857142
2013 29.2
2013 28.6
2013 24.8333333333333
2013 28.5
2013 29.75
2013 29.7142857142857
2013 29.2
2013 30.8333333333333
2013 29.4285714285714
2013 23.8571428571428
2013 26.1428571428571
2013 27.1666666666666
2013 27.7142857142857
2013 25.8571428571428
2013 26.4285714285714
2013 26.8571428571428
2013 26.3333333333333
2013 24.5714285714285
2013 24.3333333333333
2013 24.875
2013 27.8
2013 25
2013 23.8571428571428
2013 22.8
2013 23
2013 22.875
2013 22.6666666666666
2013 23
2013 22.8571428571428
2013 23.6666666666666
2013 23.4285714285714
2013 21.625
2013 20.625
2013 21.1666666666666
2013 18.8333333333333
2013 20.5714285714285
2013 20.1428571428571
2013 18
2013 19.8571428571428
2013 16.8333333333333
2013 18.8571428571428
2013 16.5714285714285
2013 17.75
2013 17.625
2013 17
2013 16.625
2013 15.5714285714285
2013 18.5
2013 17.875
2013 18.25
2013 17.875
2013 17.625
2013 18.1428571428571
2013 19.125
2013 21.25
2013 21.25
2013 19.125
2013 18.625
2013 17.75
2013 17.875
2013 18
2013 17.25
2013 17.5
2013 17.1428571428571
2013 17.1428571428571
2013 16.125
2013 16
2013 16.5
2013 16.125
2013 15.5
2013 16.625
2013 17.75
2013 17.1428571428571
2013 16.1428571428571
2013 15.5
2013 15.25
2013 14.75
2013 14.875
2013 16.125
2013 15.375
2013 14.75
2013 15.25
2013 14.25
2013 13.5
2013 13.6666666666666
2013 12.125
2013 11.875
2013 10.875
2013 10.5714285714285
2013 12.375
2013 14.5
2014 13.375
2014 11
2014 12.5
2014 12.875
2014 12.375
2014 11.4285714285714
2014 12.1428571428571
2014 11.875
2014 12.8333333333333
2014 12.375
2014 12.125
2014 12.875
2014 14
2014 14.875
2014 12
2014 12.2857142857142
2014 12
2014 12.5
2014 14.5
2014 14.625
2014 13.5714285714285
2014 15.25
2014 15.625
2014 13.875
2014 11.75
2014 14.375
2014 16.625
2014 16.625
2014 14.875
2014 14.5
2014 14.75
2014 14
2014 15.25
2014 18.4285714285714
2014 18.8571428571428
2014 17
2014 18.5
2014 19.625
2014 13.625
2014 12.875
2014 12.625
2014 13.375
2014 13.25
2014 15.25
2014 13
2014 12.375
2014 13.5
2014 15.125
2014 15.25
2014 15.125
2014 16.125
2014 17.125
2014 16.625
2014 16.5
2014 16.375
2014 18.125
2014 18.75
2014 18.625
2014 15.625
2014 16.1428571428571
2014 16.125
2014 17.875
2014 18.75
2014 18.875
2014 18.375
2014 18.5
2014 19.875
2014 22
2014 20
2014 20.7142857142857
2014 20
2014 19
2014 19.625
2014 21.625
2014 23.125
2014 26.25
2014 24.8571428571428
2014 21.75
2014 21.5
2014 22.5
2014 25
2014 22.75
2014 22.375
2014 24.625
2014 25.125
2014 23.5
2014 24.4285714285714
2014 25.875
2014 24.125
2014 24.125
2014 24.875
2014 26.75
2014 25
2014 25.8571428571428
2014 27.375
2014 30.125
2014 27.25
2014 25.75
2014 25.75
2014 26.375
2014 28.1428571428571
2014 29.125
2014 26.875
2014 27.625
2014 29
2014 27.125
2014 26.375
2014 24.25
2014 25.625
2014 27
2014 28
2014 29.375
2014 29.125
2014 29.375
2014 30.625
2014 31.5
2014 30.625
2014 31.5
2014 32.125
2014 33.25
2014 34.875
2014 34.375
2014 31.75
2014 31.875
2014 29.75
2014 29.5714285714285
2014 31.75
2014 31.375
2014 30.5
2014 30
2014 29.625
2014 28
2014 25.25
2014 26.875
2014 29.5
2014 31.125
2014 29.875
2014 31.5
2014 32.375
2014 31.125
2014 33
2014 33.25
2014 34.625
2014 31.5
2014 31.5
2014 30.125
2014 31.875
2014 33.625
2014 35.25
2014 33.125
2014 34.625
2014 32.75
2014 32.75
2014 34.875
2014 35.25
2014 36.875
2014 37.5
2014 38.5
2014 37.625
2014 37.875
2014 37.25
2014 37.625
2014 32.875
2014 30.25
2014 30.5
2014 33.875
2014 36.375
2014 36.875
2014 33.875
2014 35.75
2014 38
2014 36.875
2014 34.5
2014 32.125
2014 33
2014 32.25
2014 32.5
2014 34.75
2014 34.875
2014 33
2014 32
2014 31.375
2014 29.5
2014 28.875
2014 31.3888888888888
2014 34.7058823529411
2014 30.625
2014 34
2014 35
2014 36
2014 36.125
2014 36.625
2014 35.875
2014 31.625
2014 32.375
2014 33.125
2014 32.625
2014 30.75
2014 27.25
2014 29.875
2014 30.875
2014 32.125
2014 31.625
2014 30.625
2014 30.5
2014 30.75
2014 32.5
2014 31.7142857142857
2014 30
2014 30.25
2014 31.875
2014 32.5
2014 33.25
2014 30.125
2014 31.5
2014 30.5
2014 29.75
2014 32.125
2014 31.125
2014 31
2014 29.235294117647
2014 28.5
2014 31.125
2014 32.125
2014 32.125
2014 30.375
2014 31.125
2014 30.4285714285714
2014 31.375
2014 31.875
2014 33
2014 33.25
2014 32.5
2014 33
2014 33.125
2014 33.125
2014 33.875
2014 34.125
2014 33.8571428571428
2014 29.625
2014 30.375
2014 28.625
2014 27.625
2014 29.4285714285714
2014 29.25
2014 28.625
2014 27.875
2014 26.5
2014 28.5
2014 31
2014 31.25
2014 31
2014 28.75
2014 26.5714285714285
2014 28.5
2014 29.375
2014 29.125
2014 29.625
2014 30.625
2014 30.625
2014 30.5
2014 31
2014 31.125
2014 30.5
2014 30.625
2014 31
2014 29.625
2014 30
2014 30
2014 30.5
2014 30.25
2014 30.5
2014 30.625
2014 30.4285714285714
2014 30.375
2014 30.5
2014 31
2014 30.625
2014 30.625
2014 31
2014 28.75
2014 27.625
2014 27.125
2014 25.7142857142857
2014 26
2014 27.625
2014 24.5
2014 24.5
2014 23
2014 25
2014 24
2014 23.75
2014 24.75
2014 25.625
2014 25.75
2014 25.25
2014 25.5
2014 25.25
2014 25.125
2014 24.875
2014 25.125
2014 24.75
2014 23.875
2014 23.375
2014 22.5
2014 22.875
2014 23.375
2014 23.625
2014 22.75
2014 23
2014 24
2014 23.875
2014 24.125
2014 21.375
2014 19.25
2014 19.625
2014 18.5
2014 18.375
2014 18.625
2014 18.25
2014 17.75
2014 17.625
2014 17.5
2014 20.375
2014 18.25
2014 19.875
2014 17.125
2014 16.875
2014 16.5
2014 19.625
2014 18.125
2014 19.375
2014 20.25
2014 19.75
2014 20
2014 21.375
2014 25
2014 21.25
2014 17.75
2014 18.25
2014 17.25
2014 17
2014 15.2857142857142
2014 21.5
2014 19.625
2014 17.5
2014 16
2014 16.875
2014 16.625
2014 17.75
2014 12.875
2014 11.75
2014 11.75
2014 11.25
2014 9.5
2014 9.375
2014 9.625
2014 9.875
2014 9.25
2014 10.75
2014 10.375
2014 9
2014 11.125
2014 11.625
2014 12.375
2015 14.75
2015 14.875
2015 15.125
2015 14.125
2015 14
2015 12
2015 9.625
2015 10
2015 10.625
2015 11.125
2015 11
2015 10.625
2015 12.25
2015 12
2015 12.375
2015 13
2015 13.5
2015 13
2015 13.75
2015 13.375
2015 13.25
2015 12.625
2015 14.625
2015 12.375
2015 13.25
2015 13.75
2015 13.25
2015 11.7142857142857
2015 11.5
2015 12.75
2015 13.75
2015 15
2015 17.375
2015 16.75
2015 14.625
2015 14.625
2015 15.125
2015 15.875
2015 16.625
2015 16.875
2015 15.75
2015 16
2015 15.5
2015 17.25
2015 19.375
2015 18.875
2015 20.625
2015 21.1428571428571
2015 21.25
2015 22.75
2015 22.75
2015 21.875
2015 22.1428571428571
2015 21.5
2015 22.875
2015 23.125
2015 20
2015 19.25
2015 21.25
2015 17.375
2015 17.5
2015 16.25
2015 16.75
2015 18.75
2015 20
2015 18.375
2015 19.5
2015 18.125
2015 17.75
2015 18.25
2015 20.5
2015 21.375
2015 21.5
2015 17.625
2015 19.8571428571428
2015 20.875
2015 20.25
2015 21.125
2015 22.5
2015 24.875
2015 25.125
2015 24.75
2015 25.75
2015 26.625
2015 28.5
2015 27.375
2015 27
2015 25
2015 23.5
2015 25.25
2015 26.4285714285714
2015 28.7142857142857
2015 24.5
2015 21
2015 23.5714285714285
2015 25
2015 23.75
2015 25.625
2015 26
2015 27.125
2015 28.25
2015 24.375
2015 24.75
2015 26.25
2015 27.625
2015 25.25
2015 28.125
2015 30.125
2015 32.125
2015 32.875
2015 31.75
2015 30.75
2015 30.75
2015 31.125
2015 30.5
2015 28.75
2015 30.125
2015 31
2015 31.25
2015 32.625
2015 31.25
2015 30.125
2015 31
2015 30.875
2015 32.125
2015 34.125
2015 35.4285714285714
2015 34.125
2015 35.125
2015 35.125
2015 34
2015 33.125
2015 27.75
2015 29.625
2015 28.5
2015 30
2015 33.25
2015 35.375
2015 31.5
2015 33.125
2015 35.625
2015 36.25
2015 37.375
2015 36
2015 37.75
2015 35.25
2015 33.75
2015 34.75
2015 35.125
2015 32.25
2015 34.25
2015 29.375
2015 31.625
2015 28.625
2015 31.875
2015 32.625
2015 33.375
2015 35
2015 36.5
2015 37.625
2015 36.625
2015 35.625
2015 35.875
2015 31.125
2015 27
2015 31
2015 32.375
2015 33.875
2015 35.125
2015 35.875
2015 33.125
2015 30.375
2015 32.125
2015 31.5
2015 37.25
2015 26.625
2015 31.125
2015 32.625
2015 34.25
2015 31.125
2015 30.875
2015 32
2015 33.75
2015 33
2015 34.125
2015 35.7142857142857
2015 27.875
2015 28.125
2015 31.25
2015 29.625
2015 26.625
2015 25.5
2015 25.5
2015 29.875
2015 30.875
2015 33.375
2015 31.75
2015 30.75
2015 29.5
2015 30.125
2015 29.125
2015 31.375
2015 32.25
2015 32.125
2015 32
2015 30.8571428571428
2015 30
2015 29.625
2015 29.5
2015 28.5
2015 29
2015 29
2015 28.25
2015 29.625
2015 31.5
2015 29.4285714285714
2015 29.59375
2015 29.5
2015 29.25
2015 28.875
2015 27.375
2015 30.375
2015 28.375
2015 30.75
2015 32
2015 30.875
2015 28.5
2015 28.625
2015 30.75
2015 29.125
2015 31.25
2015 30.75
2015 29.375
2015 30.25
2015 29.875
2015 30.75
2015 32
2015 32
2015 32.5
2015 32
2015 32.25
2015 32.625
2015 31.8571428571428
2015 32.125
2015 31.875
2015 31.625
2015 32
2015 30.875
2015 31.25
2015 31.5
2015 31.625
2015 31
2015 31.25
2015 30.75
2015 32.1428571428571
2015 32.125
2015 31.875
2015 33
2015 32.375
2015 31.375
2015 31
2015 30.625
2015 29.1428571428571
2015 30.125
2015 30.25
2015 28.625
2015 28.25
2015 28.5
2015 29.25
2015 28.7142857142857
2015 28.25
2015 29
2015 29
2015 28.125
2015 28.2857142857142
2015 30
2015 29
2015 28.875
2015 28.375
2015 28.625
2015 28.375
2015 28.5
2015 28.5
2015 28.5714285714285
2015 29.25
2015 29.5
2015 28.125
2015 27.5
2015 27.875
2015 28
2015 26.8571428571428
2015 28.1428571428571
2015 27.7142857142857
2015 26.5
2015 24.75
2015 24
2015 24.875
2015 26.375
2015 25.625
2015 24.75
2015 20.875
2015 22.125
2015 22.375
2015 22.375
2015 22.875
2015 23.375
2015 24
2015 23.75
2015 22.125
2015 22.875
2015 21.875
2015 21.875
2015 21.75
2015 22.75
2015 21.875
2015 21.875
2015 22.375
2015 22.375
2015 22.5
2015 21.875
2015 19.875
2015 18.5
2015 18.5
2015 18.5
2015 18.75
2015 18.625
2015 17
2015 18.5
2015 19.375
2015 20
2015 18.5
2015 18.75
2015 18.125
2015 19.5
2015 19.25
2015 18.125
2015 17.625
2015 17.625
2015 17.5
2015 17.125
2015 17.625
2015 18.4285714285714
2015 18.375
2015 19
2015 17.25
2015 13.25
2015 12.875
2015 13.25
2015 13.125
2015 13
2015 12.25
2015 12.875
2015 12.375
2015 11.75
2015 12.625
2015 12
2015 12.5
2015 11.25
2015 11.5
2015 12.75
2015 15.375
2015 17.125
2015 16.375
2015 15.5
2015 15
2016 14.7142857142857
2016 14
2016 14.375
2016 15.75
2016 15.8333333333333
2016 17.375
2016 17.125
2016 15.5
2016 15.8571428571428
2016 15.625
2016 15.75
2016 18
2016 18.2666666666666
2016 15.5625
2016 13
2016 13.6
2016 14
2016 13.2666666666666
2016 12.3571428571428
2016 12.0666666666666
2016 12.1875
2016 11.7333333333333
2016 14.4375
2016 11.1875
2016 11.6666666666666
2016 14.5625
2016 17.5833333333333
2016 16.8571428571428
2016 19.5625
2016 20.1428571428571
2016 17.375
2016 15.8461538461538
2016 15.2666666666666
2016 13.125
2016 16.3636363636363
2016 12.6666666666666
2016 15.3333333333333
2016 15.625
2016 17.090909090909
2016 17.7692307692307
2016 18.1333333333333
2016 19.6875
2016 19.2
2016 17.0666666666666
2016 17.6428571428571
2016 17.6
2016 18.2142857142857
2016 18.7142857142857
2016 19.4666666666666
2016 23.1538461538461
2016 23.625
2016 21
2016 21
2016 21.4285714285714
2016 21.6875
2016 22.5625
2016 22.8
2016 22.8
2016 23
2016 23.875
2016 24.9166666666666
2016 24.9333333333333
2016 26
2016 27.3125
2016 23.9333333333333
2016 22.8125
2016 23.7142857142857
2016 23.4285714285714
2016 24
2016 25.5625
2016 25.0666666666666
2016 24.5625
2016 24.25
2016 22.375
2016 24.0666666666666
2016 23.9375
2016 26.3125
2016 26.1875
2016 26.7857142857142
2016 27.1333333333333
2016 26.625
2016 25.0625
2016 26.2
2016 28.1333333333333
2016 29.875
2016 24.6666666666666
2016 26.25
2016 25.9333333333333
2016 27.125
2016 29.5714285714285
2016 30
2016 30.5714285714285
2016 32.3125
2016 33.3125
2016 32.8125
2016 32.3125
2016 31.375
2016 29.9333333333333
2016 29.2666666666666
2016 30.7333333333333
2016 32.25
2016 29.8
2016 30.2
2016 31.75
2016 33.125
2016 33.625
2016 35.6875
2016 34.6666666666666
2016 34.625
2016 34
2016 34.0625
2016 34
2016 33.25
2016 31.9166666666666
2016 31.3125
2016 31.75
2016 33.4375
2016 33.125
2016 34.1538461538461
2016 34.0714285714285
2016 33.0625
2016 34.6875
2016 38
2016 35.5
2016 33.7142857142857
2016 30.6
2016 31.4375
2016 33.3125
2016 35.1333333333333
2016 33.5333333333333
2016 34
2016 32.5
2016 35.375
2016 37.2941176470588
2016 36.5625
2016 37.25
2016 37.2142857142857
2016 37.5
2016 37.75
2016 37.375
2016 37.4
2016 36.1333333333333
2016 36.8
2016 32.2142857142857
2016 31.5263157894736
2016 33.2173913043478
2016 35.2692307692307
2016 38.2727272727272
2016 36.0625
2016 31.5
2016 26.8125
2016 32.6428571428571
2016 36
2016 37.5625
2016 37.5625
2016 38.2
2016 36.1666666666666
2016 35.4285714285714
2016 34.625
2016 36.0714285714285
2016 35.7333333333333
2016 36.1333333333333
2016 33.4375
2016 35.5
2016 36
2016 32.625
2016 34.7333333333333
2016 33.5
2016 34.1875
2016 35.8571428571428
2016 35.625
2016 30.9375
2016 32.875
2016 33.125
2016 33.8461538461538
2016 36.4375
2016 35.4285714285714
2016 34.8666666666666
2016 34.3125
2016 30.7857142857142
2016 35.375
2016 35.4666666666666
2016 32.125
2016 28.4
2016 29.5625
2016 30.6875
2016 33.25
2016 33.2666666666666
2016 33.5
2016 30.8
2016 33.25
2016 32.5625
2016 31.5
2016 30.5
2016 31.25
2016 30.4375
2016 31
2016 27.125
2016 28.125
2016 27.6666666666666
2016 32.3125
2016 34.1875
2016 34.1333333333333
2016 34.125
2016 31.875
2016 31.4375
2016 31.9375
2016 30.3125
2016 28.3125
2016 29.5333333333333
2016 27.375
2016 27.3333333333333
2016 29.2666666666666
2016 29.125
2016 30.6875
2016 32.5625
2016 33.1111111111111
2016 33.8
2016 30.0666666666666
2016 33.1176470588235
2016 33.8095238095238
2016 31.6153846153846
2016 32
2016 28.1071428571428
2016 29.0357142857142
2016 30.3214285714285
2016 28.9333333333333
2016 31.6785714285714
2016 31.3333333333333
2016 29.9285714285714
2016 29.8888888888888
2016 32.0714285714285
2016 33.1851851851851
2016 31.5925925925925
2016 32.1851851851851
2016 31.48
2016 30.1785714285714
2016 31.52
2016 31.2222222222222
2016 31.7857142857142
2016 33.4
2016 29.5714285714285
2016 30.04
2016 27.2592592592592
2016 27.96
2016 30.7391304347826
2016 30.8947368421052
2016 31.6923076923076
2016 31.076923076923
2016 30.375
2016 31.1
2016 31.9166666666666
2016 30.5555555555555
2016 31.2307692307692
2016 31
2016 31.6428571428571
2016 32.5333333333333
2016 30.8571428571428
2016 31.7272727272727
2016 31.4
2016 32.3076923076923
2016 32.25
2016 32.375
2016 33.4444444444444
2016 33.36
2016 30.037037037037
2016 31
2016 31.24
2016 31.1304347826086
2016 31.48
2016 32.1851851851851
2016 32.44
2016 32.2272727272727
2016 32.2142857142857
2016 32.5416666666666
2016 32.8148148148148
2016 33.2692307692307
2016 30.5555555555555
2016 28.8333333333333
2016 30.7037037037037
2016 30.96
2016 30.6
2016 30.92
2016 29.7777777777777
2016 29.6666666666666
2016 29.5714285714285
2016 29.9629629629629
2016 29.75
2016 27.7407407407407
2016 28.4285714285714
2016 28.6
2016 28.5
2016 28.9259259259259
2016 29.076923076923
2016 28.4090909090909
2016 29.3333333333333
2016 27.5
2016 28.5
2016 28.04
2016 27.576923076923
2016 26.5555555555555
2016 25.5185185185185
2016 25.8148148148148
2016 24.8260869565217
2016 24.5384615384615
2016 24.3846153846153
2016 23.7272727272727
2016 25.64
2016 24.8148148148148
2016 23.1153846153846
2016 22.9259259259259
2016 24.5454545454545
2016 23.7307692307692
2016 23
2016 23.5185185185185
2016 23.92
2016 23.5384615384615
2016 24.2962962962962
2016 23.3461538461538
2016 22.24
2016 21.7692307692307
2016 21.7307692307692
2016 21.7307692307692
2016 20.6666666666666
2016 22.25
2016 21.5384615384615
2016 22.578947368421
2016 22.8260869565217
2016 21.4210526315789
2016 23.6
2016 24.2941176470588
2016 23.6363636363636
2016 22.4545454545454
2016 21.6111111111111
2016 19.8695652173913
2016 19.75
2016 19.2083333333333
2016 21.2083333333333
2016 18.9
2016 18.6363636363636
2016 18.5384615384615
2016 18.25
2016 16.9
2016 19.4166666666666
2016 16.4444444444444
2016 20.0416666666666
2016 19.9090909090909
2016 19.05
2016 18.5555555555555
2016 18.1666666666666
2016 15.8333333333333
2016 17.5
2016 16.0833333333333
2016 17.8571428571428
2016 19.8
2016 18.05
2016 17.2857142857142
2016 15.55
2016 17.3181818181818
2016 14
2016 17.1428571428571
2016 16.85
2016 17.2173913043478
2016 15.2380952380952
2016 14.095238095238
2016 15.0526315789473
2017 10
